0.00 2.07 2.67 2.72 2.73 2.53 2.69 2.31 2.36 2.38 2.78 2.75 2.41 2.48 2.57 2.40 2.45 2.46 2.45 2.39 3.01 2.33 1.59 1.87 1.76 1.98 1.65 1.85 1.85 1.90 2.25 2.34 2.16 2.45 2.12 2.45 2.30 2.03 2.55 2.61 2.58 2.92 3.07 2.84 2.70
2.07 0.00 2.09 1.74 1.28 1.68 2.10 1.65 1.64 1.53 1.02 1.03 0.97 1.65 2.24 0.87 1.05 1.24 1.47 1.39 1.72 2.74 1.16 1.14 1.40 0.34 0.42 0.48 0.48 0.48 0.44 0.46 0.54 0.60 0.51 0.57 0.41 0.19 0.62 0.34 0.25 2.21 1.92 2.33 2.24
2.67 2.09 0.00 0.79 0.32 0.28 0.32 0.35 0.31 0.28 1.06 0.91 2.11 2.21 2.56 1.90 1.86 1.79 1.53 1.63 1.50 1.02 2.02 2.15 1.91 2.20 1.70 1.80 1.77 1.90 2.14 2.16 2.09 2.20 1.92 2.07 1.92 2.12 1.74 1.80 2.07 1.57 1.20 1.88 2.02
2.72 1.74 0.79 0.00 0.53 0.98 0.25 1.59 1.55 1.44 1.63 1.51 1.81 1.70 2.06 1.81 1.97 2.11 2.17 2.21 0.97 1.11 1.52 1.67 1.28 2.41 1.68 1.74 1.73 1.81 2.27 2.22 2.25 2.50 2.20 2.25 2.19 1.98 1.86 1.89 1.42 0.85 0.35 0.93 0.86
2.73 1.28 0.32 0.53 0.00 0.20 0.30 0.59 0.55 0.45 0.59 0.51 1.62 1.99 2.59 1.48 1.52 1.57 1.48 1.54 0.98 1.06 1.36 1.37 1.20 1.65 1.12 1.23 1.19 1.33 1.53 1.50 1.53 1.67 1.40 1.49 1.33 1.39 1.17 1.13 1.11 1.14 0.78 1.44 1.54
2.53 1.68 0.28 0.98 0.20 0.00 0.39 0.51 0.48 0.40 0.50 0.45 1.91 2.35 2.82 1.77 1.66 1.65 1.45 1.56 1.18 0.96 1.75 1.66 1.45 1.83 1.35 1.51 1.43 1.60 1.72 1.66 1.65 1.77 1.52 1.58 1.44 1.67 1.32 1.35 1.49 1.31 1.08 1.67 1.84
2.69 2.10 0.32 0.25 0.30 0.39 0.00 1.08 1.03 0.95 1.25 1.16 2.14 2.16 2.47 2.09 2.09 2.15 2.04 2.14 0.96 0.74 1.78 1.85 1.43 2.57 1.83 1.96 1.91 2.05 2.43 2.36 2.35 2.57 2.26 2.32 2.22 2.24 1.93 2.00 1.74 0.87 0.53 1.09 1.14
2.31 1.65 0.35 1.59 0.59 0.51 1.08 0.00 0.00 0.02 0.74 0.58 1.55 1.88 2.39 1.28 1.20 1.08 0.82 0.87 2.15 1.65 1.93 2.04 2.04 1.32 1.10 1.14 1.13 1.23 1.33 1.41 1.30 1.36 1.11 1.33 1.16 1.45 1.12 1.19 1.97 2.31 1.85 2.63 2.83
2.36 1.64 0.31 1.55 0.55 0.48 1.03 0.00 0.00 0.01 0.74 0.59 1.62 1.96 2.46 1.35 1.28 1.16 0.90 0.95 2.06 1.59 1.90 2.01 2.01 1.36 1.16 1.20 1.19 1.29 1.38 1.45 1.36 1.40 1.16 1.37 1.20 1.48 1.17 1.21 1.93 2.26 1.84 2.58 2.78
2.38 1.53 0.28 1.44 0.45 0.40 0.95 0.02 0.01 0.00 0.68 0.53 1.63 2.02 2.55 1.36 1.31 1.21 0.96 1.01 1.93 1.55 1.81 1.91 1.91 1.34 1.10 1.16 1.15 1.26 1.35 1.42 1.34 1.39 1.14 1.35 1.16 1.42 1.14 1.15 1.79 2.16 1.76 2.50 2.69
2.78 1.02 1.06 1.63 0.59 0.50 1.25 0.74 0.74 0.68 0.00 0.03 1.07 1.76 2.31 1.01 0.87 0.87 0.80 0.86 1.26 1.60 1.61 1.26 1.37 0.91 0.91 0.93 0.86 0.95 0.71 0.63 0.72 0.66 0.67 0.57 0.53 0.83 0.48 0.45 0.83 1.46 1.22 1.78 2.01
2.75 1.03 0.91 1.51 0.51 0.45 1.16 0.58 0.59 0.53 0.03 0.00 0.93 1.57 2.17 0.84 0.72 0.71 0.64 0.70 1.45 1.69 1.70 1.43 1.49 0.85 0.77 0.78 0.72 0.80 0.66 0.60 0.65 0.65 0.59 0.54 0.50 0.79 0.40 0.43 0.94 1.61 1.19 1.93 2.15
2.41 0.97 2.11 1.81 1.62 1.91 2.14 1.55 1.62 1.63 1.07 0.93 -0.00 0.22 0.66 0.04 0.06 0.13 0.32 0.27 2.54 3.01 2.18 2.05 2.17 0.49 0.52 0.30 0.31 0.24 0.31 0.32 0.26 0.43 0.32 0.31 0.44 0.47 0.22 0.46 1.23 2.41 1.40 2.39 2.42
2.48 1.65 2.21 1.70 1.99 2.35 2.16 1.88 1.96 2.02 1.76 1.57 0.22 0.00 0.21 0.31 0.35 0.39 0.57 0.52 2.74 2.95 2.47 2.45 2.48 1.13 1.10 0.80 0.84 0.73 0.92 0.95 0.85 1.03 0.93 0.92 1.13 1.13 0.78 1.13 1.88 2.39 1.32 2.22 2.22
2.57 2.24 2.56 2.06 2.59 2.82 2.47 2.39 2.46 2.55 2.31 2.17 0.66 0.21 0.00 0.79 0.79 0.79 0.95 0.92 2.84 3.04 3.01 2.94 2.99 1.65 1.79 1.46 1.51 1.36 1.44 1.44 1.36 1.44 1.48 1.38 1.67 1.71 1.32 1.69 2.37 2.46 1.61 2.20 2.19
2.40 0.87 1.90 1.81 1.48 1.77 2.09 1.28 1.35 1.36 1.01 0.84 0.04 0.31 0.79 0.00 0.04 0.10 0.25 0.20 2.63 3.05 2.17 2.10 2.25 0.38 0.40 0.21 0.23 0.16 0.25 0.28 0.20 0.37 0.22 0.27 0.35 0.39 0.17 0.38 1.24 2.59 1.55 2.61 2.65
2.45 1.05 1.86 1.97 1.52 1.66 2.09 1.20 1.28 1.31 0.87 0.72 0.06 0.35 0.79 0.04 0.00 0.03 0.13 0.10 2.65 2.98 2.35 2.21 2.35 0.44 0.50 0.30 0.30 0.25 0.27 0.28 0.20 0.34 0.23 0.24 0.34 0.49 0.15 0.40 1.37 2.58 1.57 2.62 2.72
2.46 1.24 1.79 2.11 1.57 1.65 2.15 1.08 1.16 1.21 0.87 0.71 0.13 0.39 0.79 0.10 0.03 0.00 0.05 0.03 2.74 2.92 2.43 2.28 2.44 0.51 0.64 0.41 0.42 0.37 0.34 0.36 0.27 0.36 0.29 0.30 0.41 0.64 0.22 0.49 1.57 2.64 1.67 2.69 2.83
2.45 1.47 1.53 2.17 1.48 1.45 2.04 0.82 0.90 0.96 0.80 0.64 0.32 0.57 0.95 0.25 0.13 0.05 0.00 0.01 2.79 2.73 2.51 2.37 2.50 0.66 0.77 0.56 0.56 0.53 0.49 0.52 0.41 0.48 0.40 0.43 0.52 0.84 0.33 0.63 1.82 2.68 1.76 2.78 2.97
2.39 1.39 1.63 2.21 1.54 1.56 2.14 0.87 0.95 1.01 0.86 0.70 0.27 0.52 0.92 0.20 0.10 0.03 0.01 0.00 2.85 2.83 2.44 2.33 2.49 0.58 0.71 0.50 0.51 0.47 0.43 0.48 0.37 0.44 0.35 0.40 0.49 0.77 0.32 0.59 1.78 2.75 1.82 2.83 3.00
3.01 1.72 1.50 0.97 0.98 1.18 0.96 2.15 2.06 1.93 1.26 1.45 2.54 2.74 2.84 2.63 2.65 2.74 2.79 2.85 0.00 0.61 1.03 0.78 0.74 2.52 2.43 2.53 2.48 2.56 2.34 2.20 2.46 2.28 2.48 2.23 2.21 2.18 2.15 1.86 0.92 0.19 0.80 0.32 0.37
2.33 2.74 1.02 1.11 1.06 0.96 0.74 1.65 1.59 1.55 1.60 1.69 3.01 2.95 3.04 3.05 2.98 2.92 2.73 2.83 0.61 0.00 1.11 1.07 0.79 3.19 2.79 2.93 2.88 3.02 3.06 2.98 3.08 3.02 3.02 2.96 2.90 2.98 2.76 2.70 2.11 0.44 1.03 0.56 0.69
1.59 1.16 2.02 1.52 1.36 1.75 1.78 1.93 1.90 1.81 1.61 1.70 2.18 2.47 3.01 2.17 2.35 2.43 2.51 2.44 1.03 1.11 0.00 0.11 0.16 1.75 1.56 1.70 1.70 1.78 1.82 1.85 1.97 1.97 1.92 2.01 1.83 1.55 1.97 1.68 1.00 1.14 1.63 1.17 1.13
1.87 1.14 2.15 1.67 1.37 1.66 1.85 2.04 2.01 1.91 1.26 1.43 2.05 2.45 2.94 2.10 2.21 2.28 2.37 2.33 0.78 1.07 0.11 0.00 0.11 1.67 1.62 1.74 1.71 1.79 1.64 1.61 1.79 1.70 1.79 1.74 1.63 1.46 1.75 1.46 0.78 0.88 1.48 0.95 0.97
1.76 1.40 1.91 1.28 1.20 1.45 1.43 2.04 2.01 1.91 1.37 1.49 2.17 2.48 2.99 2.25 2.35 2.44 2.50 2.49 0.74 0.79 0.16 0.11 0.00 2.02 1.69 1.86 1.81 1.93 1.97 1.91 2.06 2.10 2.05 2.05 1.93 1.72 1.95 1.75 0.99 0.69 1.15 0.76 0.76
1.98 0.34 2.20 2.41 1.65 1.83 2.57 1.32 1.36 1.34 0.91 0.85 0.49 1.13 1.65 0.38 0.44 0.51 0.66 0.58 2.52 3.19 1.75 1.67 2.02 0.00 0.28 0.22 0.23 0.19 0.05 0.11 0.09 0.13 0.07 0.15 0.08 0.09 0.25 0.18 0.81 2.86 2.32 2.96 2.98
1.65 0.42 1.70 1.68 1.12 1.35 1.83 1.10 1.16 1.10 0.91 0.77 0.52 1.10 1.79 0.40 0.50 0.64 0.77 0.71 2.43 2.79 1.56 1.62 1.69 0.28 0.00 0.04 0.03 0.07 0.32 0.37 0.27 0.58 0.21 0.43 0.31 0.17 0.34 0.40 0.90 2.62 1.82 2.75 2.71
1.85 0.48 1.80 1.74 1.23 1.51 1.96 1.14 1.20 1.16 0.93 0.78 0.30 0.80 1.46 0.21 0.30 0.41 0.56 0.50 2.53 2.93 1.70 1.74 1.86 0.22 0.04 0.00 0.01 0.01 0.21 0.26 0.17 0.44 0.13 0.31 0.24 0.15 0.23 0.32 0.95 2.66 1.77 2.75 2.73
1.85 0.48 1.77 1.73 1.19 1.43 1.91 1.13 1.19 1.15 0.86 0.72 0.31 0.84 1.51 0.23 0.30 0.42 0.56 0.51 2.48 2.88 1.70 1.71 1.81 0.23 0.03 0.01 0.00 0.01 0.22 0.25 0.16 0.44 0.13 0.30 0.23 0.15 0.21 0.31 0.93 2.60 1.72 2.71 2.70
1.90 0.48 1.90 1.81 1.33 1.60 2.05 1.23 1.29 1.26 0.95 0.80 0.24 0.73 1.36 0.16 0.25 0.37 0.53 0.47 2.56 3.02 1.78 1.79 1.93 0.19 0.07 0.01 0.01 0.00 0.18 0.22 0.13 0.38 0.11 0.27 0.22 0.13 0.19 0.30 0.95 2.68 1.78 2.75 2.74
